[1,2,3]
[1,2,4,5,6]
[1,2,4,14]
[1,2,4,5,7,9,10,13]
[1,2,4,5,7,9,11,13]
[1,2,4,5,7,9,12,13]

[4,5,7,8,4]
[4,5,7,9,10,13,4]
[4,5,7,9,11,13,4]
[4,5,7,9,12,13,4]

[5,7,8,4,5]
[5,7,8,4,14]
[5,7,9,10,13,4,14]
[5,7,9,11,13,4,14]
[5,7,9,12,13,4,14]

[7,8,4,5,7]
[7,8,4,5,6]
[7,9,10,13,4,5,7]
[7,9,11,13,4,5,7]
[7,9,12,13,4,5,7]
[7,9,10,13,4,5,6]
[7,9,11,13,4,5,6]
[7,9,12,13,4,5,6]

[8,4,5,7,8]
[8,4,5,7,9,10,13]
[8,4,5,7,9,11,13]
[8,4,5,7,9,12,13]

[9,10,13,4,5,7,8]
[9,11,13,4,5,7,8]
[9,12,13,4,5,7,8]

[10,13,4,5,7,9,10]

[11,13,4,5,7,9,11]

[12,13,4,5,7,9,12]

[13,4,5,7,9,10,13]
[13,4,5,7,9,11,13]
[13,4,5,7,9,12,13]

total = 36